rbt; c1; c2; dist
[-0.18897706099997202, 0.0, -0.98198150207415458, 0.0, -0.98198150207415458, 0.0, 0.18897706099997202, 0.066666666666666666, 0.0, 1.0, 0.0, 0.0, 0.0, 0.0, 0.0, 1.0]; [0.017321, 0.066666666666666666, -0.0033333333333333335]; [-0.017321, 0.066666666666666666, 0.0033333333333333335]; 0.0352776502682
[0.98198150207415458, 0.0, -0.18897706099997208, 0.0, -0.18897706099997208, 0.0, -0.98198150207415458, 0.066666666666666666, 0.0, 1.0, 0.0, 0.0, 0.0, 0.0, 0.0, 1.0]; [0.017321, 0.066666666666666666, -0.0033333333333333335]; [-0.017321, 0.066666666666666666, 0.0033333333333333335]; 0.0352776502682
[0.18897706099997214, 0.0, 0.98198150207415458, 0.0, 0.98198150207415458, 0.0, -0.18897706099997214, 0.066666666666666666, 0.0, 1.0, 0.0, 0.0, 0.0, 0.0, 0.0, 1.0]; [0.017321, 0.066666666666666666, -0.0033333333333333335]; [-0.017321, 0.066666666666666666, 0.0033333333333333335]; 0.0352776502682
[-0.98198150207415458, 0.0, 0.18897706099997219, 0.0, 0.18897706099997219, 0.0, 0.98198150207415458, 0.066666666666666666, 0.0, 1.0, 0.0, 0.0, 0.0, 0.0, 0.0, 1.0]; [0.017321, 0.066666666666666666, -0.0033333333333333335]; [-0.017321, 0.066666666666666666, 0.0033333333333333335]; 0.0352776502682
[0.0, 0.0, -1.0, 0.0, -1.0, 0.0, 0.0, 0.066666666666666666, 0.0, 1.0, 0.0, -0.0033333333333333335, 0.0, 0.0, 0.0, 1.0]; [0.017321, 0.066666666666666666, -0.0033333333333333335]; [-0.017321, 0.066666666666666666, -0.0033333333333333335]; 0.034642
[1.0, 0.0, -6.123233995736766e-17, 0.0, -6.123233995736766e-17, 0.0, -1.0, 0.066666666666666666, 0.0, 1.0, 0.0, -0.0033333333333333335, 0.0, 0.0, 0.0, 1.0]; [0.017321, 0.066666666666666666, -0.0033333333333333335]; [-0.017321, 0.066666666666666666, -0.0033333333333333335]; 0.034642
[1.2246467991473532e-16, 0.0, 1.0, 0.0, 1.0, 0.0, -1.2246467991473532e-16, 0.066666666666666666, 0.0, 1.0, 0.0, -0.0033333333333333335, 0.0, 0.0, 0.0, 1.0]; [0.017321, 0.066666666666666666, -0.0033333333333333335]; [-0.017321, 0.066666666666666666, -0.0033333333333333335]; 0.034642
[-1.0, 0.0, 1.8369701987210297e-16, 0.0, 1.8369701987210297e-16, 0.0, 1.0, 0.066666666666666666, 0.0, 1.0, 0.0, -0.0033333333333333335, 0.0, 0.0, 0.0, 1.0]; [0.017321, 0.066666666666666666, -0.0033333333333333335]; [-0.017321, 0.066666666666666666, -0.0033333333333333335]; 0.034642
[0.0, 0.0, -1.0, 0.0, -1.0, 0.0, 0.0, 0.066666666666666666, 0.0, 1.0, 0.0, 0.0033333333333333335, 0.0, 0.0, 0.0, 1.0]; [0.017321, 0.066666666666666666, 0.0033333333333333335]; [-0.017321, 0.066666666666666666, 0.0033333333333333335]; 0.034642
[1.0, 0.0, -6.123233995736766e-17, 0.0, -6.123233995736766e-17, 0.0, -1.0, 0.066666666666666666, 0.0, 1.0, 0.0, 0.0033333333333333335, 0.0, 0.0, 0.0, 1.0]; [0.017321, 0.066666666666666666, 0.0033333333333333335]; [-0.017321, 0.066666666666666666, 0.0033333333333333335]; 0.034642
[1.2246467991473532e-16, 0.0, 1.0, 0.0, 1.0, 0.0, -1.2246467991473532e-16, 0.066666666666666666, 0.0, 1.0, 0.0, 0.0033333333333333335, 0.0, 0.0, 0.0, 1.0]; [0.017321, 0.066666666666666666, 0.0033333333333333335]; [-0.017321, 0.066666666666666666, 0.0033333333333333335]; 0.034642
[-1.0, 0.0, 1.8369701987210297e-16, 0.0, 1.8369701987210297e-16, 0.0, 1.0, 0.066666666666666666, 0.0, 1.0, 0.0, 0.0033333333333333335, 0.0, 0.0, 0.0, 1.0]; [0.017321, 0.066666666666666666, 0.0033333333333333335]; [-0.017321, 0.066666666666666666, 0.0033333333333333335]; 0.034642
[0.18897706099997202, 0.0, -0.98198150207415458, 0.0, -0.98198150207415458, 0.0, -0.18897706099997202, 0.066666666666666666, 0.0, 1.0, 0.0, 0.0, 0.0, 0.0, 0.0, 1.0]; [0.017321, 0.066666666666666666, 0.0033333333333333335]; [-0.017321, 0.066666666666666666, -0.0033333333333333335]; 0.0352776502682
[0.98198150207415458, 0.0, 0.18897706099997197, 0.0, 0.18897706099997197, 0.0, -0.98198150207415458, 0.066666666666666666, 0.0, 1.0, 0.0, 0.0, 0.0, 0.0, 0.0, 1.0]; [0.017321, 0.066666666666666666, 0.0033333333333333335]; [-0.017321, 0.066666666666666666, -0.0033333333333333335]; 0.0352776502682
[-0.18897706099997191, 0.0, 0.98198150207415458, 0.0, 0.98198150207415458, 0.0, 0.18897706099997191, 0.066666666666666666, 0.0, 1.0, 0.0, 0.0, 0.0, 0.0, 0.0, 1.0]; [0.017321, 0.066666666666666666, 0.0033333333333333335]; [-0.017321, 0.066666666666666666, -0.0033333333333333335]; 0.0352776502682
[-0.98198150207415458, 0.0, -0.18897706099997186, 0.0, -0.18897706099997186, 0.0, 0.98198150207415458, 0.066666666666666666, 0.0, 1.0, 0.0, 0.0, 0.0, 0.0, 0.0, 1.0]; [0.017321, 0.066666666666666666, 0.0033333333333333335]; [-0.017321, 0.066666666666666666, -0.0033333333333333335]; 0.0352776502682
[0.18897706099997202, 0.0, -0.98198150207415458, 0.0, -0.98198150207415458, 0.0, -0.18897706099997202, 0.13333333333333333, 0.0, 1.0, 0.0, 0.0, 0.0, 0.0, 0.0, 1.0]; [0.017321, 0.13333333333333333, 0.0033333333333333335]; [-0.017321, 0.13333333333333333, -0.0033333333333333335]; 0.0352776502682
[0.98198150207415458, 0.0, 0.18897706099997197, 0.0, 0.18897706099997197, 0.0, -0.98198150207415458, 0.13333333333333333, 0.0, 1.0, 0.0, 0.0, 0.0, 0.0, 0.0, 1.0]; [0.017321, 0.13333333333333333, 0.0033333333333333335]; [-0.017321, 0.13333333333333333, -0.0033333333333333335]; 0.0352776502682
[-0.18897706099997191, 0.0, 0.98198150207415458, 0.0, 0.98198150207415458, 0.0, 0.18897706099997191, 0.13333333333333333, 0.0, 1.0, 0.0, 0.0, 0.0, 0.0, 0.0, 1.0]; [0.017321, 0.13333333333333333, 0.0033333333333333335]; [-0.017321, 0.13333333333333333, -0.0033333333333333335]; 0.0352776502682
[-0.98198150207415458, 0.0, -0.18897706099997186, 0.0, -0.18897706099997186, 0.0, 0.98198150207415458, 0.13333333333333333, 0.0, 1.0, 0.0, 0.0, 0.0, 0.0, 0.0, 1.0]; [0.017321, 0.13333333333333333, 0.0033333333333333335]; [-0.017321, 0.13333333333333333, -0.0033333333333333335]; 0.0352776502682
[0.0, 0.0, -1.0, 0.0, -1.0, 0.0, 0.0, 0.13333333333333333, 0.0, 1.0, 0.0, 0.0033333333333333335, 0.0, 0.0, 0.0, 1.0]; [0.017321, 0.13333333333333333, 0.0033333333333333335]; [-0.017321, 0.13333333333333333, 0.0033333333333333335]; 0.034642
[1.0, 0.0, -6.123233995736766e-17, 0.0, -6.123233995736766e-17, 0.0, -1.0, 0.13333333333333333, 0.0, 1.0, 0.0, 0.0033333333333333335, 0.0, 0.0, 0.0, 1.0]; [0.017321, 0.13333333333333333, 0.0033333333333333335]; [-0.017321, 0.13333333333333333, 0.0033333333333333335]; 0.034642
[1.2246467991473532e-16, 0.0, 1.0, 0.0, 1.0, 0.0, -1.2246467991473532e-16, 0.13333333333333333, 0.0, 1.0, 0.0, 0.0033333333333333335, 0.0, 0.0, 0.0, 1.0]; [0.017321, 0.13333333333333333, 0.0033333333333333335]; [-0.017321, 0.13333333333333333, 0.0033333333333333335]; 0.034642
[-1.0, 0.0, 1.8369701987210297e-16, 0.0, 1.8369701987210297e-16, 0.0, 1.0, 0.13333333333333333, 0.0, 1.0, 0.0, 0.0033333333333333335, 0.0, 0.0, 0.0, 1.0]; [0.017321, 0.13333333333333333, 0.0033333333333333335]; [-0.017321, 0.13333333333333333, 0.0033333333333333335]; 0.034642
[0.0, 0.0, -1.0, 0.0, -1.0, 0.0, 0.0, 0.13333333333333333, 0.0, 1.0, 0.0, -0.0033333333333333335, 0.0, 0.0, 0.0, 1.0]; [0.017321, 0.13333333333333333, -0.0033333333333333335]; [-0.017321, 0.13333333333333333, -0.0033333333333333335]; 0.034642
[1.0, 0.0, -6.123233995736766e-17, 0.0, -6.123233995736766e-17, 0.0, -1.0, 0.13333333333333333, 0.0, 1.0, 0.0, -0.0033333333333333335, 0.0, 0.0, 0.0, 1.0]; [0.017321, 0.13333333333333333, -0.0033333333333333335]; [-0.017321, 0.13333333333333333, -0.0033333333333333335]; 0.034642
[1.2246467991473532e-16, 0.0, 1.0, 0.0, 1.0, 0.0, -1.2246467991473532e-16, 0.13333333333333333, 0.0, 1.0, 0.0, -0.0033333333333333335, 0.0, 0.0, 0.0, 1.0]; [0.017321, 0.13333333333333333, -0.0033333333333333335]; [-0.017321, 0.13333333333333333, -0.0033333333333333335]; 0.034642
[-1.0, 0.0, 1.8369701987210297e-16, 0.0, 1.8369701987210297e-16, 0.0, 1.0, 0.13333333333333333, 0.0, 1.0, 0.0, -0.0033333333333333335, 0.0, 0.0, 0.0, 1.0]; [0.017321, 0.13333333333333333, -0.0033333333333333335]; [-0.017321, 0.13333333333333333, -0.0033333333333333335]; 0.034642
[-0.18897706099997202, 0.0, -0.98198150207415458, 0.0, -0.98198150207415458, 0.0, 0.18897706099997202, 0.13333333333333333, 0.0, 1.0, 0.0, 0.0, 0.0, 0.0, 0.0, 1.0]; [0.017321, 0.13333333333333333, -0.0033333333333333335]; [-0.017321, 0.13333333333333333, 0.0033333333333333335]; 0.0352776502682
[0.98198150207415458, 0.0, -0.18897706099997208, 0.0, -0.18897706099997208, 0.0, -0.98198150207415458, 0.13333333333333333, 0.0, 1.0, 0.0, 0.0, 0.0, 0.0, 0.0, 1.0]; [0.017321, 0.13333333333333333, -0.0033333333333333335]; [-0.017321, 0.13333333333333333, 0.0033333333333333335]; 0.0352776502682
[0.18897706099997214, 0.0, 0.98198150207415458, 0.0, 0.98198150207415458, 0.0, -0.18897706099997214, 0.13333333333333333, 0.0, 1.0, 0.0, 0.0, 0.0, 0.0, 0.0, 1.0]; [0.017321, 0.13333333333333333, -0.0033333333333333335]; [-0.017321, 0.13333333333333333, 0.0033333333333333335]; 0.0352776502682
[-0.98198150207415458, 0.0, 0.18897706099997219, 0.0, 0.18897706099997219, 0.0, 0.98198150207415458, 0.13333333333333333, 0.0, 1.0, 0.0, 0.0, 0.0, 0.0, 0.0, 1.0]; [0.017321, 0.13333333333333333, -0.0033333333333333335]; [-0.017321, 0.13333333333333333, 0.0033333333333333335]; 0.0352776502682
[-0.94491415225792763, 0.0, -0.32731826234214612, 0.0, 0.32731826234214612, 0.0, -0.94491415225792763, 0.066666666666666666, 0.0, -1.0, 0.0, 0.0, 0.0, 0.0, 0.0, 1.0]; [-0.0057733333333333326, 0.066666666666666666, 0.016666666666666666]; [0.0057733333333333326, 0.066666666666666666, -0.016666666666666666]; 0.0352765732778
[0.32731826234214606, 0.0, -0.94491415225792763, 0.0, 0.94491415225792763, 0.0, 0.32731826234214606, 0.066666666666666666, 0.0, -1.0, 0.0, 0.0, 0.0, 0.0, 0.0, 1.0]; [-0.0057733333333333326, 0.066666666666666666, 0.016666666666666666]; [0.0057733333333333326, 0.066666666666666666, -0.016666666666666666]; 0.0352765732778
[0.94491415225792763, 0.0, 0.327318262342146, 0.0, -0.327318262342146, 0.0, 0.94491415225792763, 0.066666666666666666, 0.0, -1.0, 0.0, 0.0, 0.0, 0.0, 0.0, 1.0]; [-0.0057733333333333326, 0.066666666666666666, 0.016666666666666666]; [0.0057733333333333326, 0.066666666666666666, -0.016666666666666666]; 0.0352765732778
[-0.32731826234214595, 0.0, 0.94491415225792774, 0.0, -0.94491415225792774, 0.0, -0.32731826234214595, 0.066666666666666666, 0.0, -1.0, 0.0, 0.0, 0.0, 0.0, 0.0, 1.0]; [-0.0057733333333333326, 0.066666666666666666, 0.016666666666666666]; [0.0057733333333333326, 0.066666666666666666, -0.016666666666666666]; 0.0352765732778
[-0.86602758806112701, 0.0, -0.49999621670271355, 0.0028868333333333337, 0.49999621670271355, 0.0, -0.86602758806112701, 0.066666666666666666, 0.0, -1.0, 0.0, 0.0016666666666666661, 0.0, 0.0, 0.0, 1.0]; [-0.0057733333333333326, 0.066666666666666666, 0.016666666666666666]; [0.011547, 0.066666666666666666, -0.013333333333333334]; 0.0346409287805
[0.49999621670271349, 0.0, -0.86602758806112701, 0.0028868333333333337, 0.86602758806112701, 0.0, 0.49999621670271349, 0.066666666666666666, 0.0, -1.0, 0.0, 0.0016666666666666661, 0.0, 0.0, 0.0, 1.0]; [-0.0057733333333333326, 0.066666666666666666, 0.016666666666666666]; [0.011547, 0.066666666666666666, -0.013333333333333334]; 0.0346409287805
[0.86602758806112712, 0.0, 0.49999621670271344, 0.0028868333333333337, -0.49999621670271344, 0.0, 0.86602758806112712, 0.066666666666666666, 0.0, -1.0, 0.0, 0.0016666666666666661, 0.0, 0.0, 0.0, 1.0]; [-0.0057733333333333326, 0.066666666666666666, 0.016666666666666666]; [0.011547, 0.066666666666666666, -0.013333333333333334]; 0.0346409287805
[-0.49999621670271338, 0.0, 0.86602758806112712, 0.0028868333333333337, -0.86602758806112712, 0.0, -0.49999621670271338, 0.066666666666666666, 0.0, -1.0, 0.0, 0.0016666666666666661, 0.0, 0.0, 0.0, 1.0]; [-0.0057733333333333326, 0.066666666666666666, 0.016666666666666666]; [0.011547, 0.066666666666666666, -0.013333333333333334]; 0.0346409287805
[-0.86602758806112701, 0.0, -0.49999621670271355, -0.0028868333333333337, 0.49999621670271355, 0.0, -0.86602758806112701, 0.066666666666666666, 0.0, -1.0, 0.0, -0.0016666666666666661, 0.0, 0.0, 0.0, 1.0]; [-0.011547, 0.066666666666666666, 0.013333333333333334]; [0.0057733333333333326, 0.066666666666666666, -0.016666666666666666]; 0.0346409287805
[0.49999621670271349, 0.0, -0.86602758806112701, -0.0028868333333333337, 0.86602758806112701, 0.0, 0.49999621670271349, 0.066666666666666666, 0.0, -1.0, 0.0, -0.0016666666666666661, 0.0, 0.0, 0.0, 1.0]; [-0.011547, 0.066666666666666666, 0.013333333333333334]; [0.0057733333333333326, 0.066666666666666666, -0.016666666666666666]; 0.0346409287805
[0.86602758806112712, 0.0, 0.49999621670271344, -0.0028868333333333337, -0.49999621670271344, 0.0, 0.86602758806112712, 0.066666666666666666, 0.0, -1.0, 0.0, -0.0016666666666666661, 0.0, 0.0, 0.0, 1.0]; [-0.011547, 0.066666666666666666, 0.013333333333333334]; [0.0057733333333333326, 0.066666666666666666, -0.016666666666666666]; 0.0346409287805
[-0.49999621670271338, 0.0, 0.86602758806112712, -0.0028868333333333337, -0.86602758806112712, 0.0, -0.49999621670271338, 0.066666666666666666, 0.0, -1.0, 0.0, -0.0016666666666666661, 0.0, 0.0, 0.0, 1.0]; [-0.011547, 0.066666666666666666, 0.013333333333333334]; [0.0057733333333333326, 0.066666666666666666, -0.016666666666666666]; 0.0346409287805
[-0.75592909706930167, 0.0, -0.65465349628944192, 0.0, 0.65465349628944192, 0.0, -0.75592909706930167, 0.066666666666666666, 0.0, -1.0, 0.0, 0.0, 0.0, 0.0, 0.0, 1.0]; [-0.011547, 0.066666666666666666, 0.013333333333333334]; [0.011547, 0.066666666666666666, -0.013333333333333334]; 0.0352766770985
[0.65465349628944192, 0.0, -0.75592909706930167, 0.0, 0.75592909706930167, 0.0, 0.65465349628944192, 0.066666666666666666, 0.0, -1.0, 0.0, 0.0, 0.0, 0.0, 0.0, 1.0]; [-0.011547, 0.066666666666666666, 0.013333333333333334]; [0.011547, 0.066666666666666666, -0.013333333333333334]; 0.0352766770985
[0.75592909706930178, 0.0, 0.65465349628944181, 0.0, -0.65465349628944181, 0.0, 0.75592909706930178, 0.066666666666666666, 0.0, -1.0, 0.0, 0.0, 0.0, 0.0, 0.0, 1.0]; [-0.011547, 0.066666666666666666, 0.013333333333333334]; [0.011547, 0.066666666666666666, -0.013333333333333334]; 0.0352766770985
[-0.65465349628944181, 0.0, 0.75592909706930178, 0.0, -0.75592909706930178, 0.0, -0.65465349628944181, 0.066666666666666666, 0.0, -1.0, 0.0, 0.0, 0.0, 0.0, 0.0, 1.0]; [-0.011547, 0.066666666666666666, 0.013333333333333334]; [0.011547, 0.066666666666666666, -0.013333333333333334]; 0.0352766770985
[-0.75592909706930167, 0.0, -0.65465349628944192, 0.0, 0.65465349628944192, 0.0, -0.75592909706930167, 0.13333333333333333, 0.0, -1.0, 0.0, 0.0, 0.0, 0.0, 0.0, 1.0]; [-0.011547, 0.13333333333333333, 0.013333333333333334]; [0.011547, 0.13333333333333333, -0.013333333333333334]; 0.0352766770985
[0.65465349628944192, 0.0, -0.75592909706930167, 0.0, 0.75592909706930167, 0.0, 0.65465349628944192, 0.13333333333333333, 0.0, -1.0, 0.0, 0.0, 0.0, 0.0, 0.0, 1.0]; [-0.011547, 0.13333333333333333, 0.013333333333333334]; [0.011547, 0.13333333333333333, -0.013333333333333334]; 0.0352766770985
[0.75592909706930178, 0.0, 0.65465349628944181, 0.0, -0.65465349628944181, 0.0, 0.75592909706930178, 0.13333333333333333, 0.0, -1.0, 0.0, 0.0, 0.0, 0.0, 0.0, 1.0]; [-0.011547, 0.13333333333333333, 0.013333333333333334]; [0.011547, 0.13333333333333333, -0.013333333333333334]; 0.0352766770985
[-0.65465349628944181, 0.0, 0.75592909706930178, 0.0, -0.75592909706930178, 0.0, -0.65465349628944181, 0.13333333333333333, 0.0, -1.0, 0.0, 0.0, 0.0, 0.0, 0.0, 1.0]; [-0.011547, 0.13333333333333333, 0.013333333333333334]; [0.011547, 0.13333333333333333, -0.013333333333333334]; 0.0352766770985
[-0.86602758806112701, 0.0, -0.49999621670271355, -0.0028868333333333337, 0.49999621670271355, 0.0, -0.86602758806112701, 0.13333333333333333, 0.0, -1.0, 0.0, -0.0016666666666666661, 0.0, 0.0, 0.0, 1.0]; [-0.011547, 0.13333333333333333, 0.013333333333333334]; [0.0057733333333333326, 0.13333333333333333, -0.016666666666666666]; 0.0346409287805
[0.49999621670271349, 0.0, -0.86602758806112701, -0.0028868333333333337, 0.86602758806112701, 0.0, 0.49999621670271349, 0.13333333333333333, 0.0, -1.0, 0.0, -0.0016666666666666661, 0.0, 0.0, 0.0, 1.0]; [-0.011547, 0.13333333333333333, 0.013333333333333334]; [0.0057733333333333326, 0.13333333333333333, -0.016666666666666666]; 0.0346409287805
[0.86602758806112712, 0.0, 0.49999621670271344, -0.0028868333333333337, -0.49999621670271344, 0.0, 0.86602758806112712, 0.13333333333333333, 0.0, -1.0, 0.0, -0.0016666666666666661, 0.0, 0.0, 0.0, 1.0]; [-0.011547, 0.13333333333333333, 0.013333333333333334]; [0.0057733333333333326, 0.13333333333333333, -0.016666666666666666]; 0.0346409287805
[-0.49999621670271338, 0.0, 0.86602758806112712, -0.0028868333333333337, -0.86602758806112712, 0.0, -0.49999621670271338, 0.13333333333333333, 0.0, -1.0, 0.0, -0.0016666666666666661, 0.0, 0.0, 0.0, 1.0]; [-0.011547, 0.13333333333333333, 0.013333333333333334]; [0.0057733333333333326, 0.13333333333333333, -0.016666666666666666]; 0.0346409287805
[-0.86602758806112701, 0.0, -0.49999621670271355, 0.0028868333333333337, 0.49999621670271355, 0.0, -0.86602758806112701, 0.13333333333333333, 0.0, -1.0, 0.0, 0.0016666666666666661, 0.0, 0.0, 0.0, 1.0]; [-0.0057733333333333326, 0.13333333333333333, 0.016666666666666666]; [0.011547, 0.13333333333333333, -0.013333333333333334]; 0.0346409287805
[0.49999621670271349, 0.0, -0.86602758806112701, 0.0028868333333333337, 0.86602758806112701, 0.0, 0.49999621670271349, 0.13333333333333333, 0.0, -1.0, 0.0, 0.0016666666666666661, 0.0, 0.0, 0.0, 1.0]; [-0.0057733333333333326, 0.13333333333333333, 0.016666666666666666]; [0.011547, 0.13333333333333333, -0.013333333333333334]; 0.0346409287805
[0.86602758806112712, 0.0, 0.49999621670271344, 0.0028868333333333337, -0.49999621670271344, 0.0, 0.86602758806112712, 0.13333333333333333, 0.0, -1.0, 0.0, 0.0016666666666666661, 0.0, 0.0, 0.0, 1.0]; [-0.0057733333333333326, 0.13333333333333333, 0.016666666666666666]; [0.011547, 0.13333333333333333, -0.013333333333333334]; 0.0346409287805
[-0.49999621670271338, 0.0, 0.86602758806112712, 0.0028868333333333337, -0.86602758806112712, 0.0, -0.49999621670271338, 0.13333333333333333, 0.0, -1.0, 0.0, 0.0016666666666666661, 0.0, 0.0, 0.0, 1.0]; [-0.0057733333333333326, 0.13333333333333333, 0.016666666666666666]; [0.011547, 0.13333333333333333, -0.013333333333333334]; 0.0346409287805
[-0.94491415225792763, 0.0, -0.32731826234214612, 0.0, 0.32731826234214612, 0.0, -0.94491415225792763, 0.13333333333333333, 0.0, -1.0, 0.0, 0.0, 0.0, 0.0, 0.0, 1.0]; [-0.0057733333333333326, 0.13333333333333333, 0.016666666666666666]; [0.0057733333333333326, 0.13333333333333333, -0.016666666666666666]; 0.0352765732778
[0.32731826234214606, 0.0, -0.94491415225792763, 0.0, 0.94491415225792763, 0.0, 0.32731826234214606, 0.13333333333333333, 0.0, -1.0, 0.0, 0.0, 0.0, 0.0, 0.0, 1.0]; [-0.0057733333333333326, 0.13333333333333333, 0.016666666666666666]; [0.0057733333333333326, 0.13333333333333333, -0.016666666666666666]; 0.0352765732778
[0.94491415225792763, 0.0, 0.327318262342146, 0.0, -0.327318262342146, 0.0, 0.94491415225792763, 0.13333333333333333, 0.0, -1.0, 0.0, 0.0, 0.0, 0.0, 0.0, 1.0]; [-0.0057733333333333326, 0.13333333333333333, 0.016666666666666666]; [0.0057733333333333326, 0.13333333333333333, -0.016666666666666666]; 0.0352765732778
[-0.32731826234214595, 0.0, 0.94491415225792774, 0.0, -0.94491415225792774, 0.0, -0.32731826234214595, 0.13333333333333333, 0.0, -1.0, 0.0, 0.0, 0.0, 0.0, 0.0, 1.0]; [-0.0057733333333333326, 0.13333333333333333, 0.016666666666666666]; [0.0057733333333333326, 0.13333333333333333, -0.016666666666666666]; 0.0352765732778
[0.75592909706930167, 0.0, -0.65465349628944192, 0.0, 0.65465349628944192, 0.0, 0.75592909706930167, 0.066666666666666666, 0.0, -1.0, 0.0, 0.0, 0.0, 0.0, 0.0, 1.0]; [-0.011547, 0.066666666666666666, -0.013333333333333334]; [0.011547, 0.066666666666666666, 0.013333333333333334]; 0.0352766770985
[0.65465349628944192, 0.0, 0.75592909706930167, 0.0, -0.75592909706930167, 0.0, 0.65465349628944192, 0.066666666666666666, 0.0, -1.0, 0.0, 0.0, 0.0, 0.0, 0.0, 1.0]; [-0.011547, 0.066666666666666666, -0.013333333333333334]; [0.011547, 0.066666666666666666, 0.013333333333333334]; 0.0352766770985
[-0.75592909706930156, 0.0, 0.65465349628944203, 0.0, -0.65465349628944203, 0.0, -0.75592909706930156, 0.066666666666666666, 0.0, -1.0, 0.0, 0.0, 0.0, 0.0, 0.0, 1.0]; [-0.011547, 0.066666666666666666, -0.013333333333333334]; [0.011547, 0.066666666666666666, 0.013333333333333334]; 0.0352766770985
[-0.65465349628944203, 0.0, -0.75592909706930156, 0.0, 0.75592909706930156, 0.0, -0.65465349628944203, 0.066666666666666666, 0.0, -1.0, 0.0, 0.0, 0.0, 0.0, 0.0, 1.0]; [-0.011547, 0.066666666666666666, -0.013333333333333334]; [0.011547, 0.066666666666666666, 0.013333333333333334]; 0.0352766770985
[0.86602758806112701, 0.0, -0.49999621670271355, -0.0028868333333333337, 0.49999621670271355, 0.0, 0.86602758806112701, 0.066666666666666666, 0.0, -1.0, 0.0, 0.0016666666666666661, 0.0, 0.0, 0.0, 1.0]; [-0.011547, 0.066666666666666666, -0.013333333333333334]; [0.0057733333333333326, 0.066666666666666666, 0.016666666666666666]; 0.0346409287805
[0.4999962167027136, 0.0, 0.86602758806112701, -0.0028868333333333337, -0.86602758806112701, 0.0, 0.4999962167027136, 0.066666666666666666, 0.0, -1.0, 0.0, 0.0016666666666666661, 0.0, 0.0, 0.0, 1.0]; [-0.011547, 0.066666666666666666, -0.013333333333333334]; [0.0057733333333333326, 0.066666666666666666, 0.016666666666666666]; 0.0346409287805
[-0.8660275880611269, 0.0, 0.49999621670271366, -0.0028868333333333337, -0.49999621670271366, 0.0, -0.8660275880611269, 0.066666666666666666, 0.0, -1.0, 0.0, 0.0016666666666666661, 0.0, 0.0, 0.0, 1.0]; [-0.011547, 0.066666666666666666, -0.013333333333333334]; [0.0057733333333333326, 0.066666666666666666, 0.016666666666666666]; 0.0346409287805
[-0.49999621670271371, 0.0, -0.8660275880611269, -0.0028868333333333337, 0.8660275880611269, 0.0, -0.49999621670271371, 0.066666666666666666, 0.0, -1.0, 0.0, 0.0016666666666666661, 0.0, 0.0, 0.0, 1.0]; [-0.011547, 0.066666666666666666, -0.013333333333333334]; [0.0057733333333333326, 0.066666666666666666, 0.016666666666666666]; 0.0346409287805
[0.86602758806112701, 0.0, -0.49999621670271355, 0.0028868333333333337, 0.49999621670271355, 0.0, 0.86602758806112701, 0.066666666666666666, 0.0, -1.0, 0.0, -0.0016666666666666661, 0.0, 0.0, 0.0, 1.0]; [-0.0057733333333333326, 0.066666666666666666, -0.016666666666666666]; [0.011547, 0.066666666666666666, 0.013333333333333334]; 0.0346409287805
[0.4999962167027136, 0.0, 0.86602758806112701, 0.0028868333333333337, -0.86602758806112701, 0.0, 0.4999962167027136, 0.066666666666666666, 0.0, -1.0, 0.0, -0.0016666666666666661, 0.0, 0.0, 0.0, 1.0]; [-0.0057733333333333326, 0.066666666666666666, -0.016666666666666666]; [0.011547, 0.066666666666666666, 0.013333333333333334]; 0.0346409287805
[-0.8660275880611269, 0.0, 0.49999621670271366, 0.0028868333333333337, -0.49999621670271366, 0.0, -0.8660275880611269, 0.066666666666666666, 0.0, -1.0, 0.0, -0.0016666666666666661, 0.0, 0.0, 0.0, 1.0]; [-0.0057733333333333326, 0.066666666666666666, -0.016666666666666666]; [0.011547, 0.066666666666666666, 0.013333333333333334]; 0.0346409287805
[-0.49999621670271371, 0.0, -0.8660275880611269, 0.0028868333333333337, 0.8660275880611269, 0.0, -0.49999621670271371, 0.066666666666666666, 0.0, -1.0, 0.0, -0.0016666666666666661, 0.0, 0.0, 0.0, 1.0]; [-0.0057733333333333326, 0.066666666666666666, -0.016666666666666666]; [0.011547, 0.066666666666666666, 0.013333333333333334]; 0.0346409287805
[0.94491415225792763, 0.0, -0.32731826234214612, 0.0, 0.32731826234214612, 0.0, 0.94491415225792763, 0.066666666666666666, 0.0, -1.0, 0.0, 0.0, 0.0, 0.0, 0.0, 1.0]; [-0.0057733333333333326, 0.066666666666666666, -0.016666666666666666]; [0.0057733333333333326, 0.066666666666666666, 0.016666666666666666]; 0.0352765732778
[0.32731826234214617, 0.0, 0.94491415225792763, 0.0, -0.94491415225792763, 0.0, 0.32731826234214617, 0.066666666666666666, 0.0, -1.0, 0.0, 0.0, 0.0, 0.0, 0.0, 1.0]; [-0.0057733333333333326, 0.066666666666666666, -0.016666666666666666]; [0.0057733333333333326, 0.066666666666666666, 0.016666666666666666]; 0.0352765732778
[-0.94491415225792763, 0.0, 0.32731826234214623, 0.0, -0.32731826234214623, 0.0, -0.94491415225792763, 0.066666666666666666, 0.0, -1.0, 0.0, 0.0, 0.0, 0.0, 0.0, 1.0]; [-0.0057733333333333326, 0.066666666666666666, -0.016666666666666666]; [0.0057733333333333326, 0.066666666666666666, 0.016666666666666666]; 0.0352765732778
[-0.32731826234214628, 0.0, -0.94491415225792752, 0.0, 0.94491415225792752, 0.0, -0.32731826234214628, 0.066666666666666666, 0.0, -1.0, 0.0, 0.0, 0.0, 0.0, 0.0, 1.0]; [-0.0057733333333333326, 0.066666666666666666, -0.016666666666666666]; [0.0057733333333333326, 0.066666666666666666, 0.016666666666666666]; 0.0352765732778
[0.94491415225792763, 0.0, -0.32731826234214612, 0.0, 0.32731826234214612, 0.0, 0.94491415225792763, 0.13333333333333333, 0.0, -1.0, 0.0, 0.0, 0.0, 0.0, 0.0, 1.0]; [-0.0057733333333333326, 0.13333333333333333, -0.016666666666666666]; [0.0057733333333333326, 0.13333333333333333, 0.016666666666666666]; 0.0352765732778
[0.32731826234214617, 0.0, 0.94491415225792763, 0.0, -0.94491415225792763, 0.0, 0.32731826234214617, 0.13333333333333333, 0.0, -1.0, 0.0, 0.0, 0.0, 0.0, 0.0, 1.0]; [-0.0057733333333333326, 0.13333333333333333, -0.016666666666666666]; [0.0057733333333333326, 0.13333333333333333, 0.016666666666666666]; 0.0352765732778
[-0.94491415225792763, 0.0, 0.32731826234214623, 0.0, -0.32731826234214623, 0.0, -0.94491415225792763, 0.13333333333333333, 0.0, -1.0, 0.0, 0.0, 0.0, 0.0, 0.0, 1.0]; [-0.0057733333333333326, 0.13333333333333333, -0.016666666666666666]; [0.0057733333333333326, 0.13333333333333333, 0.016666666666666666]; 0.0352765732778
[-0.32731826234214628, 0.0, -0.94491415225792752, 0.0, 0.94491415225792752, 0.0, -0.32731826234214628, 0.13333333333333333, 0.0, -1.0, 0.0, 0.0, 0.0, 0.0, 0.0, 1.0]; [-0.0057733333333333326, 0.13333333333333333, -0.016666666666666666]; [0.0057733333333333326, 0.13333333333333333, 0.016666666666666666]; 0.0352765732778
[0.86602758806112701, 0.0, -0.49999621670271355, 0.0028868333333333337, 0.49999621670271355, 0.0, 0.86602758806112701, 0.13333333333333333, 0.0, -1.0, 0.0, -0.0016666666666666661, 0.0, 0.0, 0.0, 1.0]; [-0.0057733333333333326, 0.13333333333333333, -0.016666666666666666]; [0.011547, 0.13333333333333333, 0.013333333333333334]; 0.0346409287805
[0.4999962167027136, 0.0, 0.86602758806112701, 0.0028868333333333337, -0.86602758806112701, 0.0, 0.4999962167027136, 0.13333333333333333, 0.0, -1.0, 0.0, -0.0016666666666666661, 0.0, 0.0, 0.0, 1.0]; [-0.0057733333333333326, 0.13333333333333333, -0.016666666666666666]; [0.011547, 0.13333333333333333, 0.013333333333333334]; 0.0346409287805
[-0.8660275880611269, 0.0, 0.49999621670271366, 0.0028868333333333337, -0.49999621670271366, 0.0, -0.8660275880611269, 0.13333333333333333, 0.0, -1.0, 0.0, -0.0016666666666666661, 0.0, 0.0, 0.0, 1.0]; [-0.0057733333333333326, 0.13333333333333333, -0.016666666666666666]; [0.011547, 0.13333333333333333, 0.013333333333333334]; 0.0346409287805
[-0.49999621670271371, 0.0, -0.8660275880611269, 0.0028868333333333337, 0.8660275880611269, 0.0, -0.49999621670271371, 0.13333333333333333, 0.0, -1.0, 0.0, -0.0016666666666666661, 0.0, 0.0, 0.0, 1.0]; [-0.0057733333333333326, 0.13333333333333333, -0.016666666666666666]; [0.011547, 0.13333333333333333, 0.013333333333333334]; 0.0346409287805
[0.86602758806112701, 0.0, -0.49999621670271355, -0.0028868333333333337, 0.49999621670271355, 0.0, 0.86602758806112701, 0.13333333333333333, 0.0, -1.0, 0.0, 0.0016666666666666661, 0.0, 0.0, 0.0, 1.0]; [-0.011547, 0.13333333333333333, -0.013333333333333334]; [0.0057733333333333326, 0.13333333333333333, 0.016666666666666666]; 0.0346409287805
[0.4999962167027136, 0.0, 0.86602758806112701, -0.0028868333333333337, -0.86602758806112701, 0.0, 0.4999962167027136, 0.13333333333333333, 0.0, -1.0, 0.0, 0.0016666666666666661, 0.0, 0.0, 0.0, 1.0]; [-0.011547, 0.13333333333333333, -0.013333333333333334]; [0.0057733333333333326, 0.13333333333333333, 0.016666666666666666]; 0.0346409287805
[-0.8660275880611269, 0.0, 0.49999621670271366, -0.0028868333333333337, -0.49999621670271366, 0.0, -0.8660275880611269, 0.13333333333333333, 0.0, -1.0, 0.0, 0.0016666666666666661, 0.0, 0.0, 0.0, 1.0]; [-0.011547, 0.13333333333333333, -0.013333333333333334]; [0.0057733333333333326, 0.13333333333333333, 0.016666666666666666]; 0.0346409287805
[-0.49999621670271371, 0.0, -0.8660275880611269, -0.0028868333333333337, 0.8660275880611269, 0.0, -0.49999621670271371, 0.13333333333333333, 0.0, -1.0, 0.0, 0.0016666666666666661, 0.0, 0.0, 0.0, 1.0]; [-0.011547, 0.13333333333333333, -0.013333333333333334]; [0.0057733333333333326, 0.13333333333333333, 0.016666666666666666]; 0.0346409287805
[0.75592909706930167, 0.0, -0.65465349628944192, 0.0, 0.65465349628944192, 0.0, 0.75592909706930167, 0.13333333333333333, 0.0, -1.0, 0.0, 0.0, 0.0, 0.0, 0.0, 1.0]; [-0.011547, 0.13333333333333333, -0.013333333333333334]; [0.011547, 0.13333333333333333, 0.013333333333333334]; 0.0352766770985
[0.65465349628944192, 0.0, 0.75592909706930167, 0.0, -0.75592909706930167, 0.0, 0.65465349628944192, 0.13333333333333333, 0.0, -1.0, 0.0, 0.0, 0.0, 0.0, 0.0, 1.0]; [-0.011547, 0.13333333333333333, -0.013333333333333334]; [0.011547, 0.13333333333333333, 0.013333333333333334]; 0.0352766770985
[-0.75592909706930156, 0.0, 0.65465349628944203, 0.0, -0.65465349628944203, 0.0, -0.75592909706930156, 0.13333333333333333, 0.0, -1.0, 0.0, 0.0, 0.0, 0.0, 0.0, 1.0]; [-0.011547, 0.13333333333333333, -0.013333333333333334]; [0.011547, 0.13333333333333333, 0.013333333333333334]; 0.0352766770985
[-0.65465349628944203, 0.0, -0.75592909706930156, 0.0, 0.75592909706930156, 0.0, -0.65465349628944203, 0.13333333333333333, 0.0, -1.0, 0.0, 0.0, 0.0, 0.0, 0.0, 1.0]; [-0.011547, 0.13333333333333333, -0.013333333333333334]; [0.011547, 0.13333333333333333, 0.013333333333333334]; 0.0352766770985
[0.0, 0.0, -1.0, -0.0086603333333333324, 0.0, -1.0, 0.0, 0.10000000000000002, -1.0, 0.0, 0.0, -0.0050000000000000001, 0.0, 0.0, 0.0, 1.0]; [-0.0086603333333333324, 0.20000000000000004, -0.0050000000000000001]; [-0.0086603333333333324, 0.0, -0.0050000000000000001]; 0.2
[1.2246467991473532e-16, 0.0, 1.0, -0.0086603333333333324, 0.0, -1.0, 0.0, 0.10000000000000002, 1.0, 0.0, -1.2246467991473532e-16, -0.0050000000000000001, 0.0, 0.0, 0.0, 1.0]; [-0.0086603333333333324, 0.20000000000000004, -0.0050000000000000001]; [-0.0086603333333333324, 0.0, -0.0050000000000000001]; 0.2
[-1.0, 0.0, 1.8369701987210297e-16, -0.0086603333333333324, 0.0, -1.0, 0.0, 0.10000000000000002, 1.8369701987210297e-16, 0.0, 1.0, -0.0050000000000000001, 0.0, 0.0, 0.0, 1.0]; [-0.0086603333333333324, 0.20000000000000004, -0.0050000000000000001]; [-0.0086603333333333324, 0.0, -0.0050000000000000001]; 0.2
[0.0, -0.049937616943892225, -0.99875233887784476, -0.0086603333333333324, 0.0, -0.99875233887784476, 0.049937616943892225, 0.10000000000000002, -1.0, 0.0, 0.0, 0.0, 0.0, 0.0, 0.0, 1.0]; [-0.0086603333333333324, 0.20000000000000004, -0.0050000000000000001]; [-0.0086603333333333324, 0.0, 0.0050000000000000001]; 0.200249843945
[1.2231188549476852e-16, -0.049937616943892225, 0.99875233887784476, -0.0086603333333333324, -6.1155942747384247e-18, -0.99875233887784476, -0.049937616943892225, 0.10000000000000002, 1.0, 0.0, -1.2246467991473532e-16, 0.0, 0.0, 0.0, 0.0, 1.0]; [-0.0086603333333333324, 0.20000000000000004, -0.0050000000000000001]; [-0.0086603333333333324, 0.0, 0.0050000000000000001]; 0.200249843945
[-0.99875233887784476, -0.049937616943892225, 1.8346782824215277e-16, -0.0086603333333333324, 0.049937616943892225, -0.99875233887784476, -9.1733914121076366e-18, 0.10000000000000002, 1.8369701987210297e-16, 0.0, 1.0, 0.0, 0.0, 0.0, 0.0, 1.0]; [-0.0086603333333333324, 0.20000000000000004, -0.0050000000000000001]; [-0.0086603333333333324, 0.0, 0.0050000000000000001]; 0.200249843945
[0.0032324853390897613, -0.074650367709243562, -0.99720452949202298, -0.0043301666666666662, 0.043140192404574562, -0.99627094579672615, 0.074720320934754447, 0.10000000000000002, -0.99906379918292954, -0.043261127610952813, 0.0, 0.0025000000000000001, 0.0, 0.0, 0.0, 1.0]; [-0.0086603333333333324, 0.20000000000000004, -0.0050000000000000001]; [0.0, 0.0, 0.01]; 0.20074860242
[-0.003232485339089639, -0.074650367709243562, 0.99720452949202298, -0.0043301666666666662, -0.043140192404574569, -0.99627094579672615, -0.074720320934754447, 0.10000000000000002, 0.99906379918292954, -0.043261127610952813, -1.2235002838133688e-16, 0.0025000000000000001, 0.0, 0.0, 0.0, 1.0]; [-0.0086603333333333324, 0.20000000000000004, -0.0050000000000000001]; [0.0, 0.0, 0.01]; 0.20074860242
[-0.99720452949202298, -0.074650367709243562, -0.0032324853390895783, -0.0043301666666666662, 0.074720320934754433, -0.99627094579672615, -0.043140192404574576, 0.10000000000000002, 1.835250425720053e-16, -0.043261127610952813, 0.99906379918292954, 0.0025000000000000001, 0.0, 0.0, 0.0, 1.0]; [-0.0086603333333333324, 0.20000000000000004, -0.0050000000000000001]; [0.0, 0.0, 0.01]; 0.20074860242
[0.0042926090722308231, -0.049566326225674438, -0.99876160960053084, 0.0, 0.086173531603682713, -0.99503712255512966, 0.049751856127756476, 0.10000000000000002, -0.99627089486660314, -0.086280380398430681, 0.0, 0.0, 0.0, 0.0, 0.0, 1.0]; [-0.0086603333333333324, 0.20000000000000004, -0.0050000000000000001]; [0.0086603333333333324, 0.0, 0.0050000000000000001]; 0.200997526089
[-0.0042926090722307008, -0.049566326225674438, 0.99876160960053084, 0.0, -0.086173531603682713, -0.99503712255512966, -0.049751856127756462, 0.10000000000000002, 0.99627089486660314, -0.086280380398430681, -1.2200799624820549e-16, 0.0, 0.0, 0.0, 0.0, 1.0]; [-0.0086603333333333324, 0.20000000000000004, -0.0050000000000000001]; [0.0086603333333333324, 0.0, 0.0050000000000000001]; 0.200997526089
[-0.99876160960053084, -0.049566326225674438, -0.0042926090722306392, 0.0, 0.049751856127756462, -0.99503712255512966, -0.086173531603682726, 0.10000000000000002, 1.8301199437230821e-16, -0.086280380398430681, 0.99627089486660314, 0.0, 0.0, 0.0, 0.0, 1.0]; [-0.0086603333333333324, 0.20000000000000004, -0.0050000000000000001]; [0.0086603333333333324, 0.0, 0.0050000000000000001]; 0.200997526089
[0.0, 0.0, -1.0, 0.0, 0.086280380398430695, -0.99627089486660314, 0.0, 0.10000000000000002, -0.99627089486660314, -0.086280380398430695, 0.0, -0.0050000000000000001, 0.0, 0.0, 0.0, 1.0]; [-0.0086603333333333324, 0.20000000000000004, -0.0050000000000000001]; [0.0086603333333333324, 0.0, -0.0050000000000000001]; 0.200748612682
[1.2246467991473532e-16, 0.0, 1.0, 0.0, -0.086280380398430695, -0.99627089486660314, 1.0566299168415418e-17, 0.10000000000000002, 0.99627089486660314, -0.086280380398430695, -1.2200799624820549e-16, -0.0050000000000000001, 0.0, 0.0, 0.0, 1.0]; [-0.0086603333333333324, 0.20000000000000004, -0.0050000000000000001]; [0.0086603333333333324, 0.0, -0.0050000000000000001]; 0.200748612682
[-1.0, 0.0, 1.8369701987210297e-16, 0.0, -1.5849448752623128e-17, -0.99627089486660314, -0.086280380398430695, 0.10000000000000002, 1.8301199437230821e-16, -0.086280380398430695, 0.99627089486660314, -0.0050000000000000001, 0.0, 0.0, 0.0, 1.0]; [-0.0086603333333333324, 0.20000000000000004, -0.0050000000000000001]; [0.0086603333333333324, 0.0, -0.0050000000000000001]; 0.200748612682
[-0.0010801787910999768, 0.02494543222585683, -0.99968823071237789, -0.0043301666666666662, 0.043247640120015807, -0.99875232177396922, -0.024968808044349224, 0.10000000000000002, -0.99906379918292954, -0.043261127610952806, 0.0, -0.0074999999999999997, 0.0, 0.0, 0.0, 1.0]; [-0.0086603333333333324, 0.20000000000000004, -0.0050000000000000001]; [0.0, 0.0, -0.01]; 0.200249847374
[0.0010801787911000993, 0.02494543222585683, 0.99968823071237789, -0.0043301666666666662, -0.043247640120015807, -0.99875232177396922, 0.024968808044349231, 0.10000000000000002, 0.99906379918292954, -0.043261127610952806, -1.2235002838133688e-16, -0.0074999999999999997, 0.0, 0.0, 0.0, 1.0]; [-0.0086603333333333324, 0.20000000000000004, -0.0050000000000000001]; [0.0, 0.0, -0.01]; 0.200249847374
[-0.99968823071237789, 0.02494543222585683, 0.0010801787911001604, -0.0043301666666666662, -0.024968808044349231, -0.99875232177396922, -0.0432476401200158, 0.10000000000000002, 1.835250425720053e-16, -0.043261127610952806, 0.99906379918292954, -0.0074999999999999997, 0.0, 0.0, 0.0, 1.0]; [-0.0086603333333333324, 0.20000000000000004, -0.0050000000000000001]; [0.0, 0.0, -0.01]; 0.200249847374
[0.00048067155120369988, 0.016650478074142376, -0.99986125564238271, -0.011547166666666664, -0.028852308040856426, -0.99944488335049164, -0.016657414722508191, 0.10000000000000002, -0.99958356993078634, 0.028856311691285233, 0.0, -0.0066666666666666662, 0.0, 0.0, 0.0, 1.0]; [-0.0086603333333333324, 0.20000000000000004, -0.0050000000000000001]; [-0.014433999999999997, 0.0, -0.0083333333333333332]; 0.200111084995
[-0.00048067155120357742, 0.016650478074142376, 0.99986125564238271, -0.011547166666666664, 0.028852308040856429, -0.99944488335049164, 0.016657414722508188, 0.10000000000000002, 0.99958356993078634, 0.028856311691285233, -1.2241368193960219e-16, -0.0066666666666666662, 0.0, 0.0, 0.0, 1.0]; [-0.0086603333333333324, 0.20000000000000004, -0.0050000000000000001]; [-0.014433999999999997, 0.0, -0.0083333333333333332]; 0.200111084995
[-0.99986125564238271, 0.016650478074142376, -0.00048067155120351621, -0.011547166666666664, -0.016657414722508184, -0.99944488335049164, 0.028852308040856429, 0.10000000000000002, 1.836205229094033e-16, 0.028856311691285233, 0.99958356993078634, -0.0066666666666666662, 0.0, 0.0, 0.0, 1.0]; [-0.0086603333333333324, 0.20000000000000004, -0.0050000000000000001]; [-0.014433999999999997, 0.0, -0.0083333333333333332]; 0.200111084995
[-0.0019186975010217929, -0.066463743468222133, -0.99778699600871223, -0.011547166666666667, -0.028792452558338597, -0.99737148750090399, 0.066491432500060246, 0.10000000000000002, -0.99958356993078645, 0.028856311691285254, 0.0, 0.0016666666666666666, 0.0, 0.0, 0.0, 1.0]; [-0.0086603333333333324, 0.20000000000000004, -0.0050000000000000001]; [-0.014434000000000001, 0.0, 0.0083333333333333332]; 0.200527087957
[0.0019186975010219152, -0.066463743468222133, 0.99778699600871223, -0.011547166666666667, 0.02879245255833859, -0.99737148750090399, -0.066491432500060246, 0.10000000000000002, 0.99958356993078645, 0.028856311691285254, -1.2241368193960221e-16, 0.0016666666666666666, 0.0, 0.0, 0.0, 1.0]; [-0.0086603333333333324, 0.20000000000000004, -0.0050000000000000001]; [-0.014434000000000001, 0.0, 0.0083333333333333332]; 0.200527087957
[-0.99778699600871223, -0.066463743468222133, 0.0019186975010219761, -0.011547166666666667, 0.066491432500060246, -0.99737148750090399, 0.028792452558338583, 0.10000000000000002, 1.836205229094033e-16, 0.028856311691285254, 0.99958356993078645, 0.0016666666666666666, 0.0, 0.0, 0.0, 1.0]; [-0.0086603333333333324, 0.20000000000000004, -0.0050000000000000001]; [-0.014434000000000001, 0.0, 0.0083333333333333332]; 0.200527087957
[0.0046550489573801458, -0.1075027664226969, -0.9941938873935362, -0.0043301666666666662, 0.04300994863256101, -0.99326312226383184, 0.1076035049119151, 0.10000000000000002, -0.99906379918292942, -0.043261127610952799, 0.0, 0.0058333333333333327, 0.0, 0.0, 0.0, 1.0]; [-0.0086603333333333324, 0.20000000000000004, -0.0050000000000000001]; [0.0, 0.0, 0.016666666666666666]; 0.201356514218
[-0.0046550489573800244, -0.1075027664226969, 0.9941938873935362, -0.0043301666666666662, -0.043009948632561024, -0.99326312226383184, -0.1076035049119151, 0.10000000000000002, 0.99906379918292942, -0.043261127610952799, -1.2235002838133685e-16, 0.0058333333333333327, 0.0, 0.0, 0.0, 1.0]; [-0.0086603333333333324, 0.20000000000000004, -0.0050000000000000001]; [0.0, 0.0, 0.016666666666666666]; 0.201356514218
