c1; c2
[0.0, 0.0, -1.0000000000000002, -0.006825166666666666, -0.4429723350925786, 0.896535281147724, 0.0, -0.003372333333333333, 0.896535281147724, 0.4429723350925786, 0.0, 0.07196666666666666, 0.0, 0.0, 0.0, 1.0]; [0.0, 0.0, -1.0000000000000002, 0.0, 0.4993497056849188, -0.866400525988059, 0.0, 0.0, -0.866400525988059, -0.4993497056849188, 0.0, 0.14393333333333333, 0.0, 0.0, 0.0, 1.0]; 
[0.0, 0.0, -1.0000000000000002, -0.006825166666666666, -0.4429723350925786, 0.896535281147724, 0.0, -0.003372333333333333, 0.896535281147724, 0.4429723350925786, 0.0, 0.07196666666666666, 0.0, 0.0, 0.0, 1.0]; [-1.0000000000000002, 0.0, 1.8369701987210302e-16, 0.0, -9.17290528083313e-17, -0.866400525988059, -0.4993497056849188, 0.0, 1.5915519463962892e-16, -0.4993497056849188, 0.866400525988059, 0.14393333333333333, 0.0, 0.0, 0.0, 1.0]; 
[0.0, 0.0, -1.0000000000000002, -0.006825166666666666, -0.4429723350925786, 0.896535281147724, 0.0, -0.003372333333333333, 0.896535281147724, 0.4429723350925786, 0.0, 0.07196666666666666, 0.0, 0.0, 0.0, 1.0]; [1.2246467991473535e-16, 0.0, 1.0000000000000002, 0.0, 0.12977921341042517, 0.9915429167547775, -1.5893369829893844e-17, 0.0, -0.9915429167547775, 0.12977921341042517, 1.2142898592209687e-16, 0.14393333333333333, 0.0, 0.0, 0.0, 1.0]; 
[0.0, 0.0, -1.0000000000000002, -0.006825166666666666, -0.4429723350925786, 0.896535281147724, 0.0, -0.003372333333333333, 0.896535281147724, 0.4429723350925786, 0.0, 0.07196666666666666, 0.0, 0.0, 0.0, 1.0]; [0.0, 0.0, -1.0000000000000002, 0.005727333333333334, 0.6587774070761839, -0.7523379080745434, 0.0, 0.0050151666666666695, -0.7523379080745434, -0.6587774070761839, 0.0, 0.14393333333333333, 0.0, 0.0, 0.0, 1.0]; 
[0.0, 0.0, -1.0000000000000002, -0.006825166666666666, -0.4429723350925786, 0.896535281147724, 0.0, -0.003372333333333333, 0.896535281147724, 0.4429723350925786, 0.0, 0.07196666666666666, 0.0, 0.0, 0.0, 1.0]; [-1.0000000000000002, 0.0, 1.8369701987210302e-16, 0.005727333333333334, -1.2101544643896623e-16, -0.7523379080745434, -0.6587774070761839, 0.0050151666666666695, 1.3820223165010576e-16, -0.6587774070761839, 0.7523379080745434, 0.14393333333333333, 0.0, 0.0, 0.0, 1.0]; 
